60260
60261
60262
60263
60264
60265
60266
60267
60268
60269
60270
60271
60272
60273
60274
60275
60276
60277
60278
60279
60280
60281
60282
60283
60284
60285
60286
60287
60288
60289
60290
60291
60292
60293
60294
60295
60296
60297
60298
60299
60300
60301
60302
60303
60304
60305
60306
60307
60308
60309
60310
60311
60312
60313
60314
60315
60316
60317
60318
60319
60320
60321
60322
60323
60324
60325
60326
60327
60328
60329
60330
60331
60332
60333
60334
60335
60336
60337
60338
60339
60340
60341
60342
60343
60344
60345
60346
60347
60348
60349
60350
60351
60352
60353
60354
60355
60356
60357
60358
60359
60360
60361
60362
60363
60364
60365
60366
60367
60368
60369
60370
60371
60372
60373
60374
60375
60376
60377
60378
60379
60380
60381
60382
60383
60384
60385
60386
60387
60388
60389
60390
60391
60392
60393
60394
60395
60396
60397
60398
60399
60400
60401
60402
60403
60404
60405
60406
60407
60408
60409
60410
60411
60412
60413
60414
60415
60416
60417
60418
60419
60420
60421
60422
60423
60424
60425
60426
60427
60428
60429
60430
60431
60432
60433
60434
60435
60436
60437
60438
60439
60440
60441
60442
60443
60444
60445
60446
60447
60448
60449
60450
60451
60452
60453
60454
60455
60456
60457
60458
60459
60460
60461
60462
60463
60464
60465
60466
60467
60468
60469
60470
60471
60472
60473
60474
60475
60476
60477
60478
60479
60480
60481
60482
60483
60484
60485
60486
60487
60488
60489
60490
60491
60492
60493
60494
60495
60496
60497
60498
60499
60500
60501
60502
60503
60504
60505
60506
60507
60508
60509
60510
60511
60512
60513
60514
60515
60516
60517
60518
60519
60520
60521
60522
60523
60524
60525
60526
60527
60528
60529
60530
60531
60532
60533
60534
60535
60536
60537
60538
60539
60540
60541
60542
60543
60544
60545
60546
60547
60548
60549
60550
60551
60552
60553
60554
60555
60556
60557
60558
60559
60560
60561
60562
60563
60564
60565
60566
60567
60568
60569
60570
60571
60572
60573
60574
60575
60576
60577
60578
60579
60580
60581
60582
60583
60584
60585
60586
60587
60588
60589
60590
60591
60592
60593
60594
60595
60596
60597
60598
60599
60600
60601
60602
60603
60604
60605
60606
60607
60608
60609
60610
60611
60612
60613
60614
60615
60616
60617
60618
60619
60620
60621
60622
60623
60624
60625
60626
60627
60628
60629
60630
60631
60632
60633
60634
60635
60636
60637
60638
60639
60640
60641
60642
60643
60644
60645
60646
60647
60648
60649
60650
60651
60652
60653
60654
60655
60656
60657
60658
60659
60660
60661
60662
60663
60664
60665
60666
60667
60668
60669
60670
60671
60672
60673
60674
60675
60676
60677
60678
60679
60680
60681
60682
60683
60684
60685
60686
60687
60688
60689
60690
60691
60692
60693
60694
60695
60696
60697
60698
60699
60700
60701
60702
60703
60704
60705
60706
60707
60708
60709
60710
60711
60712
60713
60714
60715
60716
60717
60718
60719
60720
60721
60722
60723
60724
60725
60726
60727
60728
60729
60730
60731
60732
60733
60734
60735
60736
60737
60738
60739
60740
60741
60742
60743
60744
60745
60746
60747
60748
60749
60750
60751
60752
60753
60754
60755
60756
60757
60758
60759
60760
60761
60762
60763
60764
60765
60766
60767
60768
60769
60770
60771
60772
60773
60774
60775
60776
60777
60778
60779
60780
60781
60782
1255823
1252065
1252054
1243366
1244019
1233945
1237355
1233952
1223868
1242952
1242973
1243366
1198228
1198222
1219115
1213051
1204853
1187676
1214662
1212540
1185292
1204853
1183523
1206634
1186752
1183520
1193491
1186983
1186980
1152838
1197134
1188620
1192869
1152836
1153834
1168110
1144143
1158057
1144976
1144138
1144973
1153835
1157368
1153307
1140378
1153632
1157363
1157748
1119531
1142576
1146713
1135145
1133250
1119524
1127280
1115774
1075979
1130734
1122269
1072264
1122266
1115786
1122719
1122736
1120280
1075481
1032179
1104282
1109595
1032175
1104477
1077946
1020027
1062577
1083437
1041759
1019967
936121
1000875
1034799
1019991
1000821
1059704
1050207
1029833
1030207
936107
1022585
995435
913601
1024047
913591
914251
800447
892507
914181
903581
892501
902621
915345
895769
743923
817195
860095
810419
743917
856317
766913
754713
749765
722319
742603
760773
727915
730275
745149
667697
736431
730075
730259
667885
648637
667637
690341
657619
592392
648633
661673
675619
649077
668937
659541
566894
566898
623570
569233
598810
593980
602466
567346
567344
572995
565796
572993
582183
586600
565799
534190
560920
562434
534187
540167
521224
520587
531617
520582
518945
514021
538067
518943
535996
514020
534021
527011
531978
516177
504006
474459
504003
489202
474456
489205
473915
428731
463137
464982
461555
464521
464518
426355
456660
426346
439112
426351
423775
426379
423774
441824
434248
406185
387554
406181
423771
430870
403359
345968
403362
401067
380710
366620
350465
352660
388989
351610
378737
366701
361039
351613
350338
345667
361752
343728
296893
319122
296892
332905
319120
300415
323941
291348
300414
298786
291207
297429
291337
298785
298999
258452
293428
258446
282687
250056
249042
249190
251041
257763
224903
249150
239862
238163
238165
238160
238141
238145
238162
238139
232618
226334
226332
225441
223925
209960
60781
213891
213892
213894
215254
214350
217646
217980
